 Full    lambda(A)   nu' nu"  Trans    
    1   5202.966   9   2  Q1f(1.5) 
    2   5202.984   9   2  Q1e(1.5) 
    3   5206.725   9   2  Q2f(1.5) 
    4   5206.824   9   2  Q2e(1.5) 
    5   5224.116   9   2  P1e(2.5) 
    6   5224.158   9   2  P1f(2.5) 
    7   5238.704   9   2  P1e(3.5) 
    8   5238.789   9   2  P1f(3.5) 
    9   5256.012   9   2  P1e(4.5) 
   10   5256.153   9   2  P1f(4.5) 
   11   5256.741   6   0  R2e(1.5) 
   12   5256.753   6   0  R1f(1.5) 
   13   5256.753   6   0  R2f(1.5) 
   14   5256.770   6   0  R1e(1.5) 
   15   5542.228   7   1  R1f(2.5) 
   16   5542.245   7   1  R1e(2.5) 
   17   5544.571   7   1  R1f(1.5) 
   18   5544.587   7   1  R1e(1.5) 
   19   5544.869   7   1  R2e(1.5) 
   20   5544.885   7   1  R2f(1.5) 
   21   5562.933   7   1  Q2f(0.5) 
   22   5563.011   7   1  Q2e(0.5) 
   23   5563.981   7   1  Q1f(1.5) 
   24   5564.006   7   1  Q1e(1.5) 
   25   5569.493   7   1  Q1f(2.5) 
   26   5569.583   7   1  Q1e(2.5) 
   27   5581.190   7   1  P2e(1.5) 
   28   5581.236   7   1  P2f(1.5) 
   29   5589.103   7   1  P1e(2.5) 
   30   5589.152   7   1  P1f(2.5) 
   31   5597.771   7   1  P2e(2.5) 
   32   5597.799   7   1  P2f(2.5) 
   33   5605.094   7   1  P1e(3.5) 
   34   5605.192   7   1  P1f(3.5) 
   35   5617.158   7   1  P2f(3.5) 
   36   5617.163   7   1  P2e(3.5) 
   37   5623.751   7   1  P1e(4.5) 
   38   5623.910   7   1  P1f(4.5) 
   39   5639.268   7   1  P2f(4.5) 
   40   5639.316   7   1  P2e(4.5) 
   41   5865.447   8   2  R1f(2.5) 
   42   5865.461   8   2  R1e(2.5) 
   43   5865.989   8   2  R1f(3.5) 
   44   5865.991   8   2  R1e(3.5) 
   45   5867.234   8   2  R2e(2.5) 
   46   5867.273   8   2  R2f(2.5) 
   47   5867.532   8   2  R1f(1.5) 
   48   5867.548   8   2  R1e(1.5) 
   49   5868.290   8   2  R2e(1.5) 
   50   5868.311   8   2  R2f(1.5) 
   51   5869.467   8   2  R2e(3.5) 
   52   5869.512   8   2  R2f(3.5) 
   53   5872.725   8   2  R2f(0.5) 
   54   5872.729   8   2  R2e(0.5) 
   55   5887.089   8   2  Q2f(0.5) 
   56   5887.169   8   2  Q2e(0.5) 
   57   5888.171   8   2  Q1f(1.5) 
   58   5888.196   8   2  Q1e(1.5) 
   59   5894.422   8   2  Q1f(2.5) 
   60   5894.514   8   2  Q1e(2.5) 
   61   5906.673   8   2  P2e(1.5) 
   62   5906.725   8   2  P2f(1.5) 
   63   5915.275   8   2  P1e(2.5) 
   64   5915.327   8   2  P1f(2.5) 
   65   5924.705   8   2  P2e(2.5) 
   66   5924.741   8   2  P2f(2.5) 
   67   5932.810   8   2  P1e(3.5) 
   68   5932.914   8   2  P1f(3.5) 
   69   5945.930   8   2  P2e(3.5) 
   70   5945.933   8   2  P2f(3.5) 
   71   5953.336   8   2  P1e(4.5) 
   72   5953.505   8   2  P1f(4.5) 
   73   5970.256   8   2  P2f(4.5) 
   74   5970.299   8   2  P2e(4.5) 
   75   5976.953   8   2  P1e(5.5) 
   76   5977.200   8   2  P1f(5.5) 
   77   5997.715   8   2  P2f(5.5) 
   78   5997.814   8   2  P2e(5.5) 
   79   6003.744   8   2  P1e(6.5) 
   80   6004.078   8   2  P1f(6.5) 
   81   6028.353   8   2  P2f(6.5) 
   82   6028.518   8   2  P2e(6.5) 
   83   6033.783   8   2  P1e(7.5) 
   84   6034.214   8   2  P1f(7.5) 
   85   6067.147   8   2  P1e(8.5) 
   86   6068.684   8   2  P1f(8.5) 
   87   6136.541   5   0  R1f(4.5) 
   88   6136.566   5   0  R1e(4.5) 
   89   6136.767   5   0  R1f(3.5) 
   90   6136.804   5   0  R1e(3.5) 
   91   6138.859   5   0  R1f(5.5) 
   92   6138.863   5   0  R1e(5.5) 
   93   6139.447   5   0  R1f(2.5) 
   94   6139.485   5   0  R1e(2.5) 
   95   6143.368   5   0  R2e(1.5) 
   96   6143.381   5   0  R2f(1.5) 
   97   6144.462   5   0  R1f(1.5) 
   98   6144.491   5   0  R1e(1.5) 
   99   6150.917   5   0  R2f(0.5) 
  100   6150.934   5   0  R2e(0.5) 
  101   6170.621   5   0  Q1f(1.5) 
  102   6170.656   5   0  Q1e(1.5) 
  103   6176.223   5   0  Q1f(2.5) 
  104   6176.350   5   0  Q1e(2.5) 
  105   6184.264   5   0  Q1f(3.5) 
  106   6184.551   5   0  Q1e(3.5) 
  107   6192.910   5   0  P2e(1.5) 
  108   6192.964   5   0  P2f(1.5) 
  109   6202.688   5   0  P1e(2.5) 
  110   6202.752   5   0  P1f(2.5) 
  111   6213.045   5   0  P2e(2.5) 
  112   6213.071   5   0  P2f(2.5) 
  113   6221.710   5   0  P1e(3.5) 
  114   6221.832   5   0  P1f(3.5) 
  115   6234.289   9   3  R1f(2.5) 
  116   6234.297   9   3  R1e(2.5) 
  117   6235.662   9   3  R1e(3.5) 
  118   6235.672   9   3  R1f(3.5) 
  119   6235.942   9   3  R1f(1.5) 
  120   6235.956   9   3  R1e(1.5) 
  121   6236.006   5   0  P2f(3.5) 
  122   6236.023   5   0  P2e(3.5) 
  123   6236.964   9   3  R2e(2.5) 
  124   6237.017   9   3  R2f(2.5) 
  125   6237.394   9   3  R2e(1.5) 
  126   6237.427   9   3  R2f(1.5) 
  127   6240.176   9   3  R1e(4.5) 
  128   6240.219   9   3  R1f(4.5) 
  129   6241.686   9   3  R2e(0.5) 
  130   6241.689   9   3  R2f(0.5) 
  131   6243.546   5   0  P1e(4.5) 
  132   6243.738   5   0  P1f(4.5) 
  133   6247.957   9   3  R1e(5.5) 
  134   6248.047   9   3  R1f(5.5) 
  135   6256.900   9   3  Q2f(0.5) 
  136   6256.982   9   3  Q2e(0.5) 
  137   6257.949   9   3  Q1f(1.5) 
  138   6257.974   9   3  Q1e(1.5) 
  139   6261.721   5   0  P2f(4.5) 
  140   6261.792   5   0  P2e(4.5) 
  141   6262.664   9   3  Q2f(1.5) 
  142   6262.804   9   3  Q2e(1.5) 
  143   6265.168   9   3  Q1f(2.5) 
  144   6265.261   9   3  Q1e(2.5) 
  145   6268.270   5   0  P1e(5.5) 
  146   6268.540   5   0  P1f(5.5) 
  147   6272.217   9   3  Q2f(2.5) 
  148   6272.373   9   3  Q2e(2.5) 
  149   6275.485   9   3  Q1f(3.5) 
  150   6275.698   9   3  Q1e(3.5) 
  151   6278.060   9   3  P2e(1.5) 
  152   6278.121   9   3  P2f(1.5) 
  153   6287.407   9   3  P1e(2.5) 
  154   6287.462   9   3  P1f(2.5) 
  155   6297.879   9   3  P2e(2.5) 
  156   6297.927   9   3  P2f(2.5) 
  157   6306.869   9   3  P1e(3.5) 
  158   6306.981   9   3  P1f(3.5) 
  159   6321.390   9   3  P2e(3.5) 
  160   6321.406   9   3  P2f(3.5) 
  161   6329.747   9   3  P1e(4.5) 
  162   6329.933   9   3  P1f(4.5) 
  163   6348.516   9   3  P2f(4.5) 
  164   6348.547   9   3  P2e(4.5) 
  165   6356.167   9   3  P1e(5.5) 
  166   6356.441   9   3  P1f(5.5) 
  167   6379.268   9   3  P2f(5.5) 
  168   6379.361   9   3  P2e(5.5) 
  169   6386.236   9   3  P1e(6.5) 
  170   6386.611   9   3  P1f(6.5) 
  171   6413.720   9   3  P2f(6.5) 
  172   6413.885   9   3  P2e(6.5) 
  173   6420.056   9   3  P1e(7.5) 
  174   6420.544   9   3  P1f(7.5) 
  175   6451.960   9   3  P2f(7.5) 
  176   6452.209   9   3  P2e(7.5) 
  177   6457.734   9   3  P1e(8.5) 
  178   6458.344   9   3  P1f(8.5) 
  179   6463.505   6   1  R1f(3.5) 
  180   6463.538   6   1  R1e(3.5) 
  181   6463.793   6   1  R1f(4.5) 
  182   6463.810   6   1  R1e(4.5) 
  183   6464.870   6   1  R2e(3.5) 
  184   6464.922   6   1  R2f(3.5) 
  185   6465.828   6   1  R2e(2.5) 
  186   6465.867   6   1  R2f(2.5) 
  187   6465.936   6   1  R1f(2.5) 
  188   6465.971   6   1  R1e(2.5) 
  189   6470.138   6   1  R2e(1.5) 
  190   6470.152   6   1  R2f(1.5) 
  191   6470.960   6   1  R1f(1.5) 
  192   6470.988   6   1  R1e(1.5) 
  193   6477.902   6   1  R2f(0.5) 
  194   6477.919   6   1  R2e(0.5) 
  195   6497.471   6   1  Q2f(0.5) 
  196   6497.582   6   1  Q2e(0.5) 
  197   6498.711   6   1  Q1f(1.5) 
  198   6498.746   6   1  Q1e(1.5) 
  199   6504.931   6   1  Q1f(2.5) 

  200   6505.060   6   1  Q1e(2.5) 
  201   6513.845   6   1  Q1f(3.5) 
  202   6514.137   6   1  Q1e(3.5) 
  203   6522.396   6   1  P2e(1.5) 
  204   6522.455   6   1  P2f(1.5) 
  205   6533.011   6   1  P1e(2.5) 
  206   6533.077   6   1  P1f(2.5) 
  207   6544.006   6   1  P2e(2.5) 
  208   6544.038   6   1  P2f(2.5) 
  209   6553.553   6   1  P1e(3.5) 
  210   6553.681   6   1  P1f(3.5) 
  211   6568.772   6   1  P2f(3.5) 
  212   6568.786   6   1  P2e(3.5) 
  213   6577.183   6   1  P1e(4.5) 
  214   6577.386   6   1  P1f(4.5) 
  215   6596.608   6   1  P2f(4.5) 
  216   6596.679   6   1  P2e(4.5) 
  217   6603.990   6   1  P1e(5.5) 
  218   6604.279   6   1  P1f(5.5) 
  219   6627.555   6   1  P2f(5.5) 
  220   6627.679   6   1  P2e(5.5) 
  221   6634.038   6   1  P1e(6.5) 
  222   6634.421   6   1  P1f(6.5) 
  223   6634.421   6   1  P1f(6.5) 
  224   6661.664   6   1  P2f(6.5) 
  225   6661.878   6   1  P2e(6.5) 
  226   6667.384   6   1  P1e(7.5) 
  227   6667.869   6   1  P1f(7.5) 
  228   6699.008   6   1  P2f(7.5) 
  229   6699.304   6   1  P2e(7.5) 
  230   6704.087   6   1  P1e(8.5) 
  231   6704.683   6   1  P1f(8.5) 
  232   6744.216   6   1  P1e(9.5) 
  233   6744.933   6   1  P1f(9.5) 
  234   6787.849   6   1  P1e(10.5)
  235   6788.697   6   1  P1f(10.5)
  236   6827.446   7   2  R1f(3.5) 
  237   6827.472   7   2  R1e(3.5) 
  238   6828.466   7   2  R1f(4.5) 
  239   6828.473   7   2  R1e(4.5) 
  240   6829.474   7   2  R1f(2.5) 
  241   6829.507   7   2  R1e(2.5) 
  242   6829.536   7   2  R2e(3.5) 
  243   6829.593   7   2  R2f(3.5) 
  244   6829.900   7   2  R2e(2.5) 
  245   6829.944   7   2  R2f(2.5) 
  246   6832.621   7   2  R1e(5.5) 
  247   6832.648   7   2  R1f(5.5) 
  248   6832.803   7   2  R2e(4.5) 
  249   6832.860   7   2  R2f(4.5) 
  250   6833.999   7   2  R2e(1.5) 
  251   6834.018   7   2  R2f(1.5) 
  252   6834.420   7   2  R1f(1.5) 
  253   6834.447   7   2  R1e(1.5) 
  254   6839.635   7   2  R2e(5.5) 
  255   6839.681   7   2  R2f(5.5) 
  256   6840.011   7   2  R1e(6.5) 
  257   6840.082   7   2  R1f(6.5) 
  258   6841.937   7   2  R2f(0.5) 
  259   6841.953   7   2  R2e(0.5) 
  260   6850.005   7   2  R2e(6.5) 
  261   6850.028   7   2  R2f(6.5) 
  262   6850.722   7   2  R1e(7.5) 
  263   6850.851   7   2  R1f(7.5) 
  264   6862.622   7   2  Q2f(0.5) 
  265   6862.738   7   2  Q2e(0.5) 
  266   6863.937   7   2  Q1f(1.5) 
  267   6863.973   7   2  Q1e(1.5) 
  268   6868.294   7   2  Q2f(1.5) 
  269   6868.490   7   2  Q2e(1.5) 
  270   6870.929   7   2  Q1f(2.5) 
  271   6871.060   7   2  Q1e(2.5) 
  272   6880.936   7   2  Q1f(3.5) 
  273   6881.234   7   2  Q1e(3.5) 
  274   6889.255   7   2  P2e(1.5) 
  275   6889.321   7   2  P2f(1.5) 
  276   6894.088   7   2  Q1f(4.5) 
  277   6894.628   7   2  Q1e(4.5) 
  278   6900.799   7   2  P1e(2.5) 
  279   6900.867   7   2  P1f(2.5) 
  280   6912.603   7   2  P2e(2.5) 
  281   6912.642   7   2  P2f(2.5) 
  282   6923.152   7   2  P1e(3.5) 
  283   6923.287   7   2  P1f(3.5) 
  284   6939.518   7   2  P2f(3.5) 
  285   6939.525   7   2  P2e(3.5) 
  286   6948.936   7   2  P1e(4.5) 
  287   6949.153   7   2  P1f(4.5) 
  288   6969.896   7   2  P2f(4.5) 
  289   6969.963   7   2  P2e(4.5) 
  290   6978.258   7   2  P1e(5.5) 
  291   6978.569   7   2  P1f(5.5) 
  292   7003.788   7   2  P2f(5.5) 
  293   7003.928   7   2  P2e(5.5) 
  294   7011.202   7   2  P1e(6.5) 
  295   7011.618   7   2  P1f(6.5) 
  296   7041.251   7   2  P2f(6.5) 
  297   7041.473   7   2  P2e(6.5) 
  298   7047.846   7   2  P1e(7.5) 
  299   7048.376   7   2  P1f(7.5) 
  300   7082.370   7   2  P2f(7.5) 
  301   7082.683   7   2  P2e(7.5) 
  302   7088.266   7   2  P1e(8.5) 
  303   7088.922   7   2  P1f(8.5) 
  304   7127.248   7   2  P2f(8.5) 
  305   7127.661   7   2  P2e(8.5) 
  306   7132.553   7   2  P1e(9.5) 
  307   7133.346   7   2  P1f(9.5) 
  308   7176.005   7   2  P2f(9.5) 
  309   7176.528   7   2  P2e(9.5) 
  310   7180.808   7   2  P1e(10.5)
  311   7181.750   7   2  P1f(10.5)
  312   7228.773   7   2  P2f(10.5)
  313   7229.417   7   2  P2e(10.5)
  314   7233.149   7   2  P1e(11.5)
  315   7233.252   7   2  P1f(11.5)
  316   7238.771   8   3  R1f(3.5) 
  317   7238.787   8   3  R1e(3.5) 
  318   7240.166   8   3  R1f(2.5) 
  319   7240.194   8   3  R1e(2.5) 
  320   7240.843   8   3  R1e(4.5) 
  321   7240.854   8   3  R1f(4.5) 
  322   7241.378   8   3  R2e(2.5) 
  323   7241.433   8   3  R2f(2.5) 
  324   7241.900   8   3  R2e(3.5) 
  325   7241.969   8   3  R2f(3.5) 
  326   7244.894   8   3  R1f(1.5) 
  327   7244.920   8   3  R1e(1.5) 
  328   7245.083   8   3  R2e(1.5) 
  329   7245.110   8   3  R2f(1.5) 
  330   7246.488   8   3  R1e(5.5) 
  331   7246.541   8   3  R1f(5.5) 
  332   7246.548   8   3  R2e(4.5) 
  333   7246.615   8   3  R2f(4.5) 
  334   7253.122   8   3  R2f(0.5) 
  335   7253.132   8   3  R2e(0.5) 
  336   7255.261   8   3  R2e(5.5) 
  337   7255.312   8   3  R2f(5.5) 
  338   7255.835   8   3  R1e(6.5) 
  339   7255.945   8   3  R1f(6.5) 
  340   7275.048   8   3  Q2f(0.5) 
  341   7275.168   8   3  Q2e(0.5) 
  342   7276.387   8   3  Q1f(1.5) 
  343   7276.423   8   3  Q1e(1.5) 
  344   7281.460   8   3  Q2f(1.5) 
  345   7281.664   8   3  Q2e(1.5) 
  346   7284.372   8   3  Q1f(2.5) 
  347   7284.506   8   3  Q1e(2.5) 
  348   7285.698   7   2  P2f(11.5)
  349   7286.474   7   2  P2e(11.5)
  350   7289.710   7   2  P1e(12.5)
  351   7290.986   7   2  P1f(12.5)
  352   7295.786   8   3  Q1f(3.5) 
  353   7296.092   8   3  Q1e(3.5) 
  354   7303.679   8   3  P2e(1.5) 
  355   7303.753   8   3  P2f(1.5) 
  356   7310.776   8   3  Q1f(4.5) 
  357   7311.331   8   3  Q1e(4.5) 
  358   7316.246   8   3  P1e(2.5) 
  359   7316.318   8   3  P1f(2.5) 
  360   7329.122   8   3  P2e(2.5) 
  361   7329.173   8   3  P2f(2.5) 
  362   7340.812   8   3  P1e(3.5) 
  363   7340.957   8   3  P1f(3.5) 
  364   7346.944   7   2  P2f(12.5)
  365   7347.861   7   2  P2e(12.5)
  366   7350.640   7   2  P1e(13.5)
  367   7352.104   7   2  P1f(13.5)
  368   7358.657   8   3  P2e(3.5) 
  369   7358.662   8   3  P2f(3.5) 
  370   7369.248   8   3  P1e(4.5) 
  371   7369.483   8   3  P1f(4.5) 
  372   7392.169   8   3  P2f(4.5) 
  373   7392.228   8   3  P2e(4.5) 
  374   7401.688   8   3  P1e(5.5) 
  375   7402.029   8   3  P1f(5.5) 
  376   7412.690   7   2  P2f(13.5)
  377   7413.759   7   2  P2e(13.5)
  378   7416.112   7   2  P1e(14.5)
  379   7417.776   7   2  P1f(14.5)
  380   7429.712   8   3  P2f(5.5) 
  381   7429.849   8   3  P2e(5.5) 
  382   7438.243   8   3  P1e(6.5) 
  383   7438.702   8   3  P1f(6.5) 
  384   7461.206   4   0  R1f(5.5) 
  385   7461.271   4   0  R1e(5.5) 
  386   7462.385   4   0  R1f(4.5) 
  387   7462.464   4   0  R1e(4.5) 
  388   7464.830   4   0  R2e(3.5) 
  389   7464.906   4   0  R2f(3.5) 
  390   7466.569   4   0  R1f(3.5) 
  391   7466.652   4   0  R1e(3.5) 
  392   7470.682   4   0  R2e(2.5) 
  393   7470.732   4   0  R2f(2.5) 
  394   7471.359   8   3  P2f(6.5) 
  395   7471.586   8   3  P2e(6.5) 
  396   7473.642   4   0  R1f(2.5) 
  397   7473.714   4   0  R1e(2.5) 
  398   7479.015   8   3  P1e(7.5) 
  399   7479.605   8   3  P1f(7.5) 

  400   7480.247   4   0  R2e(1.5) 
  401   7480.258   4   0  R2f(1.5) 
  402   7483.451   4   0  R1f(1.5) 
  403   7483.501   4   0  R1e(1.5) 
  404   7493.653   4   0  R2f(0.5) 
  405   7493.687   4   0  R2e(0.5) 
  406   7517.212   8   3  P2f(7.5) 
  407   7517.540   8   3  P2e(7.5) 
  408   7522.579   4   0  Q2f(0.5) 
  409   7522.740   4   0  Q2e(0.5) 
  410   7523.967   4   0  Q1f(1.5) 
  411   7524.021   4   0  Q1e(1.5) 
  412   7524.111   8   3  P1e(8.5) 
  413   7524.844   8   3  P1f(8.5) 
  414   7530.615   4   0  Q1f(2.5) 
  415   7530.811   4   0  Q1e(2.5) 
  416   7540.160   4   0  Q1f(3.5) 
  417   7540.602   4   0  Q1e(3.5) 
  418   7552.729   4   0  Q1f(4.5) 
  419   7553.521   4   0  Q1e(4.5) 
  420   7557.454   4   0  P2e(1.5) 
  421   7557.530   4   0  P2f(1.5) 
  422   7567.402   8   3  P2f(8.5) 
  423   7567.842   8   3  P2e(8.5) 
  424   7571.699   4   0  P1e(2.5) 
  425   7571.792   4   0  P1f(2.5) 
  426   7573.651   8   3  P1e(9.5) 
  427   7574.542   8   3  P1f(9.5) 
  428   7586.077   4   0  P2e(2.5) 
  429   7586.109   4   0  P2f(2.5) 
  430   7598.356   4   0  P1e(3.5) 
  431   7598.530   4   0  P1f(3.5) 
  432   7618.034   4   0  P2f(3.5) 
  433   7618.067   4   0  P2e(3.5) 
  434   7622.077   8   3  P2f(9.5) 
  435   7622.642   8   3  P2e(9.5) 
  436   7627.771   8   3  P1e(10.5)
  437   7628.489   4   0  P1e(4.5) 
  438   7628.489   4   0  P1e(4.5) 
  439   7628.759   4   0  P1f(4.5) 
  440   7628.759   4   0  P1f(4.5) 
  441   7628.834   8   3  P1f(10.5)
  442   7662.175   4   0  P1e(5.5) 
  443   7662.549   4   0  P1f(5.5) 
  444   7681.410   8   3  P2f(10.5)
  445   7682.112   8   3  P2e(10.5)
  446   7686.627   8   3  P1e(11.5)
  447   7687.878   8   3  P1f(11.5)
  448   7691.813   4   0  P2f(5.5) 
  449   7692.009   4   0  P2e(5.5) 
  450   7699.461   4   0  P1e(6.5) 
  451   7699.947   4   0  P1f(6.5) 
  452   7712.206   9   4  R1f(3.5) 
  453   7712.209   9   4  R1e(3.5) 
  454   7712.605   9   4  R1f(2.5) 
  455   7712.626   9   4  R1e(2.5) 
  456   7715.011   9   4  R2e(2.5) 
  457   7715.086   9   4  R2f(2.5) 
  458   7715.824   9   4  R1e(4.5) 
  459   7715.859   9   4  R1f(4.5) 
  460   7716.874   9   4  R2e(3.5) 
  461   7716.892   9   4  R1f(1.5) 
  462   7716.915   9   4  R1e(1.5) 
  463   7716.964   9   4  R2f(3.5) 
  464   7718.028   9   4  R2e(1.5) 
  465   7718.072   9   4  R2f(1.5) 
  466   7723.525   9   4  R2e(4.5) 
  467   7723.611   9   4  R2f(4.5) 
  468   7723.625   9   4  R1e(5.5) 
  469   7723.715   9   4  R1f(5.5) 
  470   7726.040   9   4  R2e(0.5) 
  471   7726.041   9   4  R2f(0.5) 
  472   7733.773   4   0  P2f(6.5) 
  473   7734.063   4   0  P2e(6.5) 
  474   7734.913   9   4  R2e(5.5) 
  475   7734.978   9   4  R2f(5.5) 
  476   7735.747   9   4  R1e(6.5) 
  477   7735.910   9   4  R1f(6.5) 
  478   7749.364   9   4  Q2f(0.5) 
  479   7749.486   9   4  Q2e(0.5) 
  480   7750.622   9   4  Q1f(1.5) 
  481   7750.658   9   4  Q1e(1.5) 
  482   7756.756   9   4  Q2f(1.5) 
  483   7756.964   9   4  Q2e(1.5) 
  484   7759.929   9   4  Q1f(2.5) 
  485   7760.063   9   4  Q1e(2.5) 
  486   7773.216   9   4  Q1f(3.5) 
  487   7773.525   9   4  Q1e(3.5) 
  488   7780.388   9   4  P2e(1.5) 
  489   7780.475   9   4  P2f(1.5) 
  490   7790.654   9   4  Q1f(4.5) 
  491   7791.218   9   4  Q1e(4.5) 
  492   7794.074   9   4  P1e(2.5) 
  493   7794.149   9   4  P1f(2.5) 
  494   7808.433   9   4  P2e(2.5) 
  495   7808.501   9   4  P2f(2.5) 
  496   7821.426   9   4  P1e(3.5) 
  497   7821.580   9   4  P1f(3.5) 
  498   7841.254   9   4  P2e(3.5) 
  499   7841.278   9   4  P2f(3.5) 
  500   7849.120   5   1  R1f(5.5) 
  501   7849.173   5   1  R1e(5.5) 
  502   7849.689   5   1  R1f(4.5) 
  503   7849.761   5   1  R1e(4.5) 
  504   7850.479   5   1  R2e(4.5) 
  505   7850.573   5   1  R2f(4.5) 
  506   7852.268   5   1  R2e(3.5) 
  507   7852.349   5   1  R2f(3.5) 
  508   7853.232   9   4  P1e(4.5) 
  509   7853.488   9   4  P1f(4.5) 
  510   7853.565   5   1  R1f(3.5) 
  511   7853.644   5   1  R1e(3.5) 
  512   7857.967   5   1  R2e(2.5) 
  513   7858.021   5   1  R2f(2.5) 
  514   7860.623   5   1  R1f(2.5) 
  515   7860.693   5   1  R1e(2.5) 
  516   7867.723   5   1  R2e(1.5) 
  517   7867.737   5   1  R2f(1.5) 
  518   7870.706   5   1  R1f(1.5) 
  519   7870.755   5   1  R1e(1.5) 
  520   7878.762   9   4  P2f(4.5) 
  521   7878.803   9   4  P2e(4.5) 
  522   7881.666   5   1  R2f(0.5) 
  523   7881.699   5   1  R2e(0.5) 
  524   7889.664   9   4  P1e(5.5) 
  525   7889.664   9   4  P1e(5.5) 
  526   7890.038   9   4  P1f(5.5) 
  527   7890.038   9   4  P1f(5.5) 
  528   7912.167   5   1  Q2f(0.5) 
  529   7912.336   5   1  Q2e(0.5) 
  530   7913.681   5   1  Q1f(1.5) 
  531   7913.735   5   1  Q1e(1.5) 
  532   7918.207   5   1  Q2f(1.5) 
  533   7918.491   5   1  Q2e(1.5) 
  534   7920.982   9   4  P2f(5.5) 
  535   7921.020   5   1  Q1f(2.5) 
  536   7921.106   9   4  P2e(5.5) 
  537   7921.219   5   1  Q1e(2.5) 
  538   7930.868   9   4  P1e(6.5) 
  539   7931.379   9   4  P1f(6.5) 
  540   7931.542   5   1  Q1f(3.5) 
  541   7931.994   5   1  Q1e(3.5) 
  542   7945.385   5   1  Q1f(4.5) 
  543   7946.198   5   1  Q1e(4.5) 
  544   7949.163   5   1  P2e(1.5) 
  545   7949.245   5   1  P2f(1.5) 
  546   7964.603   5   1  P1e(2.5) 
  547   7964.698   5   1  P1f(2.5) 
  548   7968.024   9   4  P2f(6.5) 
  549   7968.249   9   4  P2e(6.5) 
  550   7976.986   9   4  P1e(7.5) 
  551   7977.650   9   4  P1f(7.5) 
  552   7979.749   5   1  P2e(2.5) 
  553   7979.788   5   1  P2f(2.5) 
  554   7993.241   5   1  P1e(3.5) 
  555   7993.424   5   1  P1f(3.5) 
  556   8014.046   5   1  P2f(3.5) 
  557   8014.072   5   1  P2e(3.5) 
  558   8020.024   9   4  P2f(7.5) 
  559   8020.361   9   4  P2e(7.5) 
  560   8025.668   5   1  P1e(4.5) 
  561   8025.952   5   1  P1f(4.5) 
  562   8028.169   9   4  P1e(8.5) 
  563   8029.001   9   4  P1f(8.5) 
  564   8051.966   5   1  P2f(4.5) 
  565   8052.074   5   1  P2e(4.5) 
  566   8061.979   5   1  P1e(5.5) 
  567   8062.377   5   1  P1f(5.5) 
  568   8077.147   9   4  P2f(8.5) 
  569   8077.613   9   4  P2e(8.5) 
  570   8084.582   9   4  P1e(9.5) 
  571   8085.600   9   4  P1f(9.5) 
  572   8093.579   5   1  P2f(5.5) 
  573   8093.780   5   1  P2e(5.5) 
  574   8102.239   5   1  P1e(6.5) 
  575   8103.761   5   1  P1f(6.5) 
  576   8138.962   5   1  P2f(6.5) 
  577   8139.264   5   1  P2e(6.5) 
  578   8146.508   5   1  P1e(7.5) 
  579   8147.162   5   1  P1f(7.5) 
  580   8188.216   5   1  P2f(7.5) 
  581   8188.630   5   1  P2e(7.5) 
  582   8194.849   5   1  P1e(8.5) 
  583   8195.645   5   1  P1f(8.5) 
  584   8241.457   5   1  P2f(8.5) 
  585   8241.990   5   1  P2e(8.5) 
  586   8247.340   5   1  P1e(9.5) 
  587   8248.288   5   1  P1f(9.5) 
  588   8278.267   6   2  R1f(4.5) 
  589   8278.330   6   2  R1e(4.5) 
  590   8278.570   6   2  R1f(5.5) 
  591   8278.607   6   2  R1e(5.5) 
  592   8279.940   6   2  R2e(4.5) 
  593   8280.037   6   2  R2f(4.5) 
  594   8280.988   6   2  R2e(3.5) 
  595   8281.073   6   2  R2f(3.5) 
  596   8281.645   6   2  R1f(3.5) 
  597   8281.719   6   2  R1e(3.5) 
  598   8282.662   6   2  R1e(6.5) 
  599   8282.665   6   2  R1f(6.5) 

  600   8283.122   6   2  R2e(5.5) 
  601   8283.217   6   2  R2f(5.5) 
  602   8286.369   6   2  R2e(2.5) 
  603   8286.427   6   2  R2f(2.5) 
  604   8288.568   6   2  R1f(2.5) 
  605   8288.637   6   2  R1e(2.5) 
  606   8290.479   6   2  R2e(6.5) 
  607   8290.558   6   2  R2f(6.5) 
  608   8290.585   6   2  R1e(7.5) 
  609   8290.644   6   2  R1f(7.5) 
  610   8296.232   6   2  R2e(1.5) 
  611   8296.248   6   2  R2f(1.5) 
  612   8298.809   5   1  P2f(9.5) 
  613   8298.872   6   2  R1f(1.5) 
  614   8298.921   6   2  R1e(1.5) 
  615   8299.471   5   1  P2e(9.5) 
  616   8301.995   6   2  R2e(7.5) 
  617   8302.045   6   2  R2f(7.5) 
  618   8302.460   6   2  R1e(8.5) 
  619   8302.587   6   2  R1f(8.5) 
  620   8304.071   5   1  P1e(10.5)
  621   8305.184   5   1  P1f(10.5)
  622   8310.703   6   2  R2f(0.5) 
  623   8310.736   6   2  R2e(0.5) 
  624   8317.685   6   2  R2e(8.5) 
  625   8317.693   6   2  R2f(8.5) 
  626   8318.365   6   2  R1e(9.5) 
  627   8318.575   6   2  R1f(9.5) 
  628   8337.544   6   2  R2f(9.5) 
  629   8337.589   6   2  R2e(9.5) 
  630   8338.383   6   2  R1e(10.5)
  631   8338.688   6   2  R1f(10.5)
  632   8342.944   6   2  Q2f(0.5) 
  633   8343.122   6   2  Q2e(0.5) 
  634   8344.575   6   2  Q1f(1.5) 
  635   8344.630   6   2  Q1e(1.5) 
  636   8349.773   6   2  Q2f(1.5) 
  637   8349.923   6   2  Q2e(1.5) 
  638   8352.764   6   2  Q1f(2.5) 
  639   8352.967   6   2  Q1e(2.5) 
  640   8360.404   5   1  P2f(10.5)
  641   8361.206   5   1  P2e(10.5)
  642   8364.490   6   2  Q1f(3.5) 
  643   8364.952   6   2  Q1e(3.5) 
  644   8365.150   5   1  P1e(11.5)
  645   8366.437   5   1  P1f(11.5)
  646   8379.903   6   2  Q1f(4.5) 
  647   8380.737   6   2  Q1e(4.5) 
  648   8382.347   6   2  P2e(1.5) 
  649   8382.436   6   2  P2f(1.5) 
  650   8399.120   6   2  P1e(2.5) 
  651   8399.219   6   2  P1f(2.5) 
  652   8415.208   6   2  P2e(2.5) 
  653   8415.254   6   2  P2f(2.5) 
  654   8426.386   5   1  P2f(11.5)
  655   8427.338   5   1  P2e(11.5)
  656   8430.079   6   2  P1e(3.5) 
  657   8430.270   6   2  P1f(3.5) 
  658   8430.698   5   1  P1e(12.5)
  659   8432.171   5   1  P1f(12.5)
  660   8452.239   6   2  P2f(3.5) 
  661   8452.261   6   2  P2e(3.5) 
  662   8465.208   6   2  P1e(4.5) 
  663   8465.509   6   2  P1f(4.5) 
  664   8493.336   6   2  P2f(4.5) 
  665   8493.443   6   2  P2e(4.5) 
  666   8496.908   5   1  P2f(12.5)
  667   8498.020   5   1  P2e(12.5)
  668   8500.853   5   1  P1e(13.5)
  669   8502.523   5   1  P1f(13.5)
  670   8504.628   6   2  P1e(5.5) 
  671   8505.054   6   2  P1f(5.5) 
  672   8538.574   6   2  P2f(5.5) 
  673   8538.780   6   2  P2e(5.5) 
  674   8548.428   6   2  P1e(6.5) 
  675   8548.989   6   2  P1f(6.5) 
  676   8572.138   5   1  P2f(13.5)
  677   8573.491   5   1  P2e(13.5)
  678   8575.771   5   1  P1e(14.5)
  679   8577.647   5   1  P1f(14.5)
  680   8588.037   6   2  P2f(6.5) 
  681   8588.353   6   2  P2e(6.5) 
  682   8596.686   6   2  P1e(7.5) 
  683   8597.394   6   2  P1f(7.5) 
  684   8641.841   6   2  P2f(7.5) 
  685   8642.277   6   2  P2e(7.5) 
  686   8652.257   5   1  P2f(14.5)
  687   8653.716   5   1  P2e(14.5)
  688   8655.624   5   1  P1e(15.5)
  689   8657.714   5   1  P1f(15.5)
  690   8700.118   6   2  P2f(8.5) 
  691   8700.685   6   2  P2e(8.5) 
  692   8706.932   6   2  P1e(9.5) 
  693   8707.972   6   2  P1f(9.5) 
  694   8737.466   5   1  P2f(15.5)
  695   8739.107   5   1  P2e(15.5)
  696   8740.603   5   1  P1e(16.5)
  697   8742.913   5   1  P1f(16.5)
  698   8758.690   7   3  R1f(4.5) 
  699   8758.736   7   3  R1e(4.5) 
  700   8760.255   7   3  R1f(5.5) 
  701   8760.265   7   3  R1e(5.5) 
  702   8761.282   7   3  R1f(3.5) 
  703   8761.346   7   3  R1e(3.5) 
  704   8761.552   7   3  R2e(3.5) 
  705   8761.646   7   3  R2f(3.5) 
  706   8763.017   6   2  P2f(9.5) 
  707   8763.725   6   2  P2e(9.5) 
  708   8766.062   7   3  R1e(6.5) 
  709   8766.105   7   3  R1f(6.5) 
  710   8766.367   7   3  R2e(2.5) 
  711   8766.434   7   3  R2f(2.5) 
  712   8767.880   7   3  R1f(2.5) 
  713   8767.944   7   3  R1e(2.5) 
  714   8769.136   6   2  P1e(10.5)
  715   8770.362   6   2  P1f(10.5)
  716   8776.197   7   3  R2e(1.5) 
  717   8776.220   7   3  R2f(1.5) 
  718   8776.238   7   3  R1e(7.5) 
  719   8776.349   7   3  R1f(7.5) 
  720   8778.309   7   3  R1f(1.5) 
  721   8778.357   7   3  R1e(1.5) 
  722   8790.896   7   3  R1e(8.5) 
  723   8791.091   7   3  R1f(8.5) 
  724   8791.170   7   3  R2f(0.5) 
  725   8791.201   7   3  R2e(0.5) 
  726   8810.139   7   3  R1e(9.5) 
  727   8810.433   7   3  R1f(9.5) 
  728   8825.355   7   3  Q2f(0.5) 
  729   8825.540   7   3  Q2e(0.5) 
  730   8827.068   7   3  Q1f(1.5) 
  731   8827.124   7   3  Q1e(1.5) 
  732   8830.698   6   2  P2f(10.5)
  733   8830.922   5   1  P1e(17.5)
  734   8831.559   6   2  P2e(10.5)
  735   8832.836   7   3  Q2f(1.5) 
  736   8833.152   7   3  Q2e(1.5) 
  737   8833.454   5   1  P1f(17.5)
  738   8836.232   6   2  P1e(11.5)
  739   8836.334   7   3  Q1f(2.5) 
  740   8836.541   7   3  Q1e(2.5) 
  741   8837.659   6   2  P1f(11.5)
  742   8845.251   7   3  Q2f(2.5) 
  743   8845.603   7   3  Q2e(2.5) 
  744   8849.582   7   3  Q1f(3.5) 
  745   8850.055   7   3  Q1e(3.5) 
  746   8862.480   7   3  Q2f(3.5) 
  747   8862.754   7   3  Q2e(3.5) 
  748   8866.983   7   3  Q1f(4.5) 
  749   8867.533   7   3  P2e(1.5) 
  750   8867.633   7   3  P2f(1.5) 
  751   8867.841   7   3  Q1e(4.5) 
  752   8885.798   7   3  P1e(2.5) 
  753   8885.902   7   3  P1f(2.5) 
  754   8903.085   7   3  P2e(2.5) 
  755   8903.144   7   3  P2f(2.5) 
  756   8903.336   6   2  P2f(11.5)
  757   8904.363   6   2  P2e(11.5)
  758   8908.375   6   2  P1e(12.5)
  759   8910.018   6   2  P1f(12.5)
  760   8919.533   7   3  P1e(3.5) 
  761   8919.736   7   3  P1f(3.5) 
  762   8926.817   5   1  P1e(18.5)
  763   8929.566   5   1  P1f(18.5)
  764   8943.389   7   3  P2f(3.5) 
  765   8943.401   7   3  P2e(3.5) 
  766   8949.487   6   2  P1e(8.5) 
  767   8950.355   6   2  P1f(8.5) 
  768   8957.922   7   3  P1e(4.5) 
  769   8958.246   7   3  P1f(4.5) 
  770   8981.124   6   2  P2f(12.5)
  771   8982.327   6   2  P2e(12.5)
  772   8985.739   6   2  P1e(13.5)
  773   8987.611   6   2  P1f(13.5)
  774   8988.314   7   3  P2f(4.5) 
  775   8988.417   7   3  P2e(4.5) 
  776   9001.115   7   3  P1e(5.5) 
  777   9001.577   7   3  P1f(5.5) 
  778   9037.952   7   3  P2f(5.5) 
  779   9038.162   7   3  P2e(5.5) 
  780   9049.232   7   3  P1e(6.5) 
  781   9049.845   7   3  P1f(6.5) 
  782   9092.398   7   3  P2f(6.5) 
  783   9092.728   7   3  P2e(6.5) 
  784   9102.380   7   3  P1e(7.5) 
  785   9103.158   7   3  P1f(7.5) 
  786   9151.785   7   3  P2f(7.5) 
  787   9152.247   7   3  P2e(7.5) 
  788   9161.275   7   3  P1f(8.5) 
  789   9216.275   7   3  P1e(8.5) 
  790   9216.275   7   3  P2f(8.5) 
  791   9216.881   7   3  P2e(8.5) 
  792   9224.246   7   3  P1e(9.5) 
  793   9225.398   7   3  P1f(9.5) 
  794   9305.982   8   4  R1f(4.5) 
  795   9306.009   8   4  R1e(4.5) 
  796   9307.345   8   4  R1f(3.5) 
  797   9307.398   8   4  R1e(3.5) 
  798   9308.998   8   4  R2e(3.5) 
  799   9309.110   8   4  R2f(3.5) 

  800   9310.701   8   4  R2e(4.5) 
  801   9310.822   8   4  R2f(4.5) 
  802   9312.861   8   4  R2e(2.5) 
  803   9312.944   8   4  R2f(2.5) 
  804   9313.316   8   4  R1f(2.5) 
  805   9313.375   8   4  R1e(2.5) 
  806   9317.663   8   4  R1e(6.5) 
  807   9317.753   8   4  R1f(6.5) 
  808   9317.878   8   4  R2e(5.5) 
  809   9317.988   8   4  R2f(5.5) 
  810   9322.431   8   4  R2e(1.5) 
  811   9322.467   8   4  R2f(1.5) 
  812   9323.706   8   4  R1f(1.5) 
  813   9323.752   8   4  R1e(1.5) 
  814   9330.493   8   4  R2e(6.5) 
  815   9330.574   8   4  R2f(6.5) 
  816   9330.999   8   4  R1e(7.5) 
  817   9331.178   8   4  R1f(7.5) 
  818   9337.842   8   4  R2f(0.5) 
  819   9337.866   8   4  R2e(0.5) 
  820   9374.223   8   4  Q2f(0.5) 
  821   9374.414   8   4  Q2e(0.5) 
  822   9375.933   8   4  Q1f(1.5) 
  823   9375.989   8   4  Q1e(1.5) 
  824   9382.747   8   4  Q2f(1.5) 
  825   9383.075   8   4  Q2e(1.5) 
  826   9386.603   8   4  Q1f(2.5) 
  827   9386.813   8   4  Q1e(2.5) 
  828   9401.322   8   4  Q1e(3.5) 
  829   9401.841   8   4  Q1f(3.5) 
  830   9419.672   8   4  P2e(1.5) 
  831   9419.786   8   4  P2f(1.5) 
  832   9439.596   8   4  P1e(2.5) 
  833   9439.704   8   4  P1f(2.5) 
  834   9458.490   8   4  P2f(2.5) 
  835   9458.566   8   4  P2e(2.5) 
  836   9476.748   8   4  P1e(3.5) 
  837   9476.912   8   4  P1f(3.5) 
  838   9502.812   8   4  P2f(3.5) 
  839   9502.818   8   4  P2e(3.5) 
  840   9519.182   8   4  P1e(4.5) 
  841   9519.527   8   4  P1f(4.5) 
  842   9552.490   8   4  P2f(4.5) 
  843   9552.527   8   4  P2e(4.5) 
  844   9567.090   8   4  P1e(5.5) 
  845   9567.588   8   4  P1f(5.5) 
  846   9607.625   8   4  P2f(5.5) 
  847   9607.828   8   4  P2e(5.5) 
  848   9620.630   8   4  P1e(6.5) 
  849   9621.300   8   4  P1f(6.5) 
  850   9668.337   8   4  P2f(6.5) 
  851   9668.670   8   4  P2e(6.5) 
  852   9674.165   3   0  R2e(3.5) 
  853   9674.304   3   0  R2f(3.5) 
  854   9679.953   8   4  P1e(7.5) 
  855   9679.953   8   4  P1e(7.5) 
  856   9680.810   8   4  P1f(7.5) 
  857   9682.152   3   0  R1f(3.5) 
  858   9682.338   3   0  R1e(3.5) 
  859   9690.464   3   0  R2e(2.5) 
  860   9690.546   3   0  R2f(2.5) 
  861   9699.263   3   0  R1e(2.5) 
  862   9699.263   3   0  R1f(2.5) 
  863   9711.702   3   0  R2e(1.5) 
  864   9711.711   3   0  R2f(1.5) 
  865   9719.782   3   0  R1f(1.5) 
  866   9719.880   3   0  R1e(1.5) 
  867   9734.798   8   4  P2f(7.5) 
  868   9735.269   8   4  P2e(7.5) 
  869   9738.056   3   0  R2f(0.5) 
  870   9738.124   3   0  R2e(0.5) 
  871   9745.215   8   4  P1e(8.5) 
  872   9746.280   8   4  P1f(8.5) 
  873   9789.275   3   0  Q2f(0.5) 
  874   9789.557   3   0  Q2e(0.5) 
  875   9791.071   3   0  Q1f(1.5) 
  876   9791.166   3   0  Q1e(1.5) 
  877   9799.497   3   0  Q1f(2.5) 
  878   9799.843   3   0  Q1e(2.5) 
  879   9811.596   3   0  Q1f(3.5) 
  880   9812.373   3   0  Q1e(3.5) 
  881   9816.597   8   4  P1e(9.5) 
  882   9817.885   8   4  P1f(9.5) 
  883   9848.425   3   0  P2e(2.5) 
  884   9848.545   3   0  P2f(2.5) 
  885   9872.060   3   0  P1e(2.5) 
  886   9872.214   3   0  P1f(2.5) 
  887   9894.724   3   0  P2f(2.5) 
  888   9894.766   3   0  P2e(2.5) 
  889   9914.531   3   0  P1e(3.5) 
  890   9914.814   3   0  P1f(3.5) 
  891   9941.627   9   5  R1f(3.5) 
  892   9941.660   9   5  R1e(3.5) 
  893   9942.189   9   5  R1e(4.5) 
  894   9942.197   9   5  R1f(4.5) 
  895   9945.230   3   0  P2f(3.5) 
  896   9945.296   3   0  P2e(3.5) 
  897   9946.485   9   5  R1f(2.5) 
  898   9946.534   9   5  R1e(2.5) 
  899   9947.691   9   5  R2e(2.5) 
  900   9947.802   9   5  R2f(2.5) 
  901   9948.327   9   5  R1e(5.5) 
  902   9948.402   9   5  R1f(5.5) 
  903   9956.556   9   5  R1f(1.5) 
  904   9956.598   9   5  R1e(1.5) 
  905   9956.625   9   5  R2e(1.5) 
  906   9956.684   9   5  R2f(1.5) 
  907   9961.716   3   0  P1e(4.5) 
  908   9962.146   3   0  P1f(4.5) 
  909   9972.345   9   5  R2f(0.5) 
  910   9972.353   9   5  R2e(0.5) 
  911   9999.901   3   0  P2f(4.5) 
  912  10000.090   3   0  P2e(4.5) 
  913  10011.245   9   5  Q2f(0.5) 
  914  10011.439   9   5  Q2e(0.5) 
  915  10012.782   9   5  Q1f(1.5) 
  916  10012.838   9   5  Q1e(1.5) 
  917  10013.693   3   0  P1e(5.5) 
  918  10014.280   3   0  P1f(5.5) 
  919  10025.346   9   5  Q1f(2.5) 
  920  10025.557   9   5  Q1e(2.5) 
  921  10043.270   9   5  Q1f(3.5) 
  922  10043.756   9   5  Q1e(3.5) 
  923  10060.649   9   5  P2e(1.5) 
  924  10060.780   9   5  P2f(1.5) 
  925  10082.411   9   5  P1e(2.5) 
  926  10082.524   9   5  P1f(2.5) 
  927  10103.554   9   5  P2e(2.5) 
  928  10103.655   9   5  P2f(2.5) 
  929  10123.894   9   5  P1e(3.5) 
  930  10124.123   9   5  P1f(3.5) 
  931  10152.956   9   5  P2f(3.5) 
  932  10152.990   9   5  P2e(3.5) 
  933  10171.512   9   5  P1f(4.5) 
  934  10171.512   9   5  P1f(4.5) 
  935  10171.888   9   5  P1f(4.5) 
  936  10180.993   4   1  R2e(2.5) 
  937  10181.078   4   1  R2f(2.5) 
  938  10189.632   4   1  R1f(2.5) 
  939  10189.782   4   1  R1e(2.5) 
  940  10203.043   4   1  R2e(1.5) 
  941  10203.053   4   1  R2f(1.5) 
  942  10208.747   9   5  P2f(4.5) 
  943  10208.810   9   5  P2e(4.5) 
  944  10211.034   4   1  R1f(1.5) 
  945  10211.102   4   1  R1e(1.5) 
  946  10225.509   9   5  P1e(5.5) 
  947  10226.059   9   5  P1f(5.5) 
  948  10230.624   4   1  R2f(0.5) 
  949  10230.695   4   1  R2e(0.5) 
  950  10270.990   9   5  P2f(5.5) 
  951  10271.175   9   5  P2e(5.5) 
  952  10284.622   4   1  Q2f(0.5) 
  953  10284.917   4   1  Q2e(0.5) 
  954  10286.590   4   1  Q1f(1.5) 
  955  10286.686   4   1  Q1e(1.5) 
  956  10295.848   4   1  Q1f(2.5) 
  957  10296.200   4   1  Q1e(2.5) 
  958  10347.227   4   1  P2e(1.5) 
  959  10347.357   4   1  P2f(1.5) 
  960  10372.798   4   1  P1e(2.5) 
  961  10372.956   4   1  P1f(2.5) 
  962  10396.512   4   1  P2e(2.5) 
  963  10396.564   4   1  P2f(2.5) 
  964  10418.216   4   1  P1e(3.5) 
  965  10418.511   4   1  P1f(3.5) 
  966  10450.471   4   1  P2f(3.5) 
  967  10450.531   4   1  P2e(3.5) 
  968  10468.735   4   1  P1e(4.5) 
  969  10469.188   4   1  P1f(4.5) 
